   ------------------------------------------------------------------
  | Welcome to ROOT 6.30/06                        https://root.cern |
  | (c) 1995-2024, The ROOT Team; conception: R. Brun, F. Rademakers |
  | Built for linuxx8664gcc on May 05 2024, 18:03:15                 |
  | From heads/master@tags/v6-30-06                                  |
  | With c++ (GCC) 13.2.1 20240417                                   |
  | Try '.help'/'.?', '.demo', '.license', '.credits', '.quit'/'.q'  |
   ------------------------------------------------------------------


Processing train_bdt_qqll.C...

==> Start TMVAClassification
Adding variable: Nel
Adding variable: Nmu
Adding variable: Nisr
Adding variable: Nph
Adding variable: jet1btag
Adding variable: jet2btag
Adding variable: Mjj
Adding variable: Mcorr
Adding variable: Mrec
Adding variable: Etot
Adding variable: log10(y23)
Adding variable: log10(y34)
Adding variable: log10(y45)
Adding variable: costhetajetcms
Adding variable: jetpt
Adding variable: Z.M()
Adding variable: Z.Pt()
Adding variable: Z.E()
Adding spectator variable: Iproc
Adding spectator variable: Ipol
DataSetInfo              : [dataset] : Added class "Signal"
                         : Add Tree tree of type Signal with 33090 events
DataSetInfo              : [dataset] : Added class "Background"
                         : Add Tree tree of type Background with 15147 events
                         : Add Tree tree of type Background with 1 events
                         : Add Tree tree of type Background with 777 events
                         : Add Tree tree of type Background with 5884 events
                         : Add Tree tree of type Background with 1480 events
Factory                  : Booking method: [1mBDT[0m
                         : 
                         : Rebuilding Dataset dataset
                         : Building event vectors for type 2 Signal
                         : Dataset[dataset] :  create input formulas for tree tree
                         : Building event vectors for type 2 Background
                         : Dataset[dataset] :  create input formulas for tree tree
                         : Building event vectors for type 2 Background
                         : Dataset[dataset] :  create input formulas for tree tree
                         : Building event vectors for type 2 Background
                         : Dataset[dataset] :  create input formulas for tree tree
                         : Building event vectors for type 2 Background
                         : Dataset[dataset] :  create input formulas for tree tree
                         : Building event vectors for type 2 Background
                         : Dataset[dataset] :  create input formulas for tree tree
DataSetFactory           : [dataset] : Number of events in input trees
                         : 
                         : 
                         : Number of training and testing events
                         : ---------------------------------------------------------------------------
                         : Signal     -- training events            : 16545
                         : Signal     -- testing events             : 16545
                         : Signal     -- training and testing events: 33090
                         : Background -- training events            : 11644
                         : Background -- testing events             : 11644
                         : Background -- training and testing events: 23288
                         : 
DataSetInfo              : Correlation matrix (Signal):
                         : ---------------------------------------------------------------------------------------------------------------------------------------------------------------------------------
                         :                     Nel     Nmu    Nisr     Nph jet1btag jet2btag     Mjj   Mcorr    Mrec    Etot log10_y23_ log10_y34_ log10_y45_ costhetajetcms   jetpt   Z.M__  Z.Pt__   Z.E__
                         :            Nel:  +1.000  -1.000  +0.005  +0.005   -0.006   +0.008  +0.003  +0.003  +0.009  -0.006     -0.011     -0.009     +0.000         -0.003  -0.007  -0.022  +0.010  -0.015
                         :            Nmu:  -1.000  +1.000  -0.005  -0.005   +0.006   -0.008  -0.003  -0.003  -0.009  +0.006     +0.011     +0.009     -0.000         +0.003  +0.007  +0.022  -0.010  +0.015
                         :           Nisr:  +0.005  -0.005  +1.000  -0.021   -0.001   -0.003  -0.021  -0.008  +0.248  -0.194     +0.024     +0.045     +0.056         -0.003  -0.045  -0.017  -0.167  -0.189
                         :            Nph:  +0.005  -0.005  -0.021  +1.000   -0.021   -0.092  -0.088  +0.029  +0.152  -0.075     +0.030     +0.036     +0.033         -0.004  -0.038  -0.062  -0.138  -0.129
                         :       jet1btag:  -0.006  +0.006  -0.001  -0.021   +1.000   -0.009  +0.015  +0.001  -0.016  +0.010     -0.051     -0.033     -0.029         +0.007  +0.162  +0.006  +0.035  +0.013
                         :       jet2btag:  +0.008  -0.008  -0.003  -0.092   -0.009   +1.000  +0.041  -0.008  -0.032  +0.012     -0.188     -0.138     -0.115         +0.021  -0.172  -0.002  +0.070  +0.023
                         :            Mjj:  +0.003  -0.003  -0.021  -0.088   +0.015   +0.041  +1.000  +0.294  +0.099  +0.037     +0.114     +0.095     +0.081         +0.006  +0.006  -0.067  -0.007  -0.090
                         :          Mcorr:  +0.003  -0.003  -0.008  +0.029   +0.001   -0.008  +0.294  +1.000  -0.036  +0.557     +0.100     +0.098     +0.088         -0.002  +0.147  +0.098  +0.037  +0.084
                         :           Mrec:  +0.009  -0.009  +0.248  +0.152   -0.016   -0.032  +0.099  -0.036  +1.000  -0.774     +0.101     +0.126     +0.125         +0.000  -0.162  -0.505  -0.527  -0.949
                         :           Etot:  -0.006  +0.006  -0.194  -0.075   +0.010   +0.012  +0.037  +0.557  -0.774  +1.000     -0.044     -0.063     -0.067         +0.003  +0.209  +0.460  +0.437  +0.774
                         :     log10_y23_:  -0.011  +0.011  +0.024  +0.030   -0.051   -0.188  +0.114  +0.100  +0.101  -0.044     +1.000     +0.671     +0.633         -0.010  -0.016  +0.003  -0.059  -0.070
                         :     log10_y34_:  -0.009  +0.009  +0.045  +0.036   -0.033   -0.138  +0.095  +0.098  +0.126  -0.063     +0.671     +1.000     +0.763         -0.004  -0.016  +0.018  -0.071  -0.083
                         :     log10_y45_:  +0.000  -0.000  +0.056  +0.033   -0.029   -0.115  +0.081  +0.088  +0.125  -0.067     +0.633     +0.763     +1.000         -0.002  -0.008  +0.016  -0.067  -0.083
                         : costhetajetcms:  -0.003  +0.003  -0.003  -0.004   +0.007   +0.021  +0.006  -0.002  +0.000  +0.003     -0.010     -0.004     -0.002         +1.000  +0.003  -0.010  +0.007  -0.003
                         :          jetpt:  -0.007  +0.007  -0.045  -0.038   +0.162   -0.172  +0.006  +0.147  -0.162  +0.209     -0.016     -0.016     -0.008         +0.003  +1.000  +0.047  +0.278  +0.146
                         :          Z.M__:  -0.022  +0.022  -0.017  -0.062   +0.006   -0.002  -0.067  +0.098  -0.505  +0.460     +0.003     +0.018     +0.016         -0.010  +0.047  +1.000  +0.089  +0.736
                         :         Z.Pt__:  +0.010  -0.010  -0.167  -0.138   +0.035   +0.070  -0.007  +0.037  -0.527  +0.437     -0.059     -0.071     -0.067         +0.007  +0.278  +0.089  +1.000  +0.445
                         :          Z.E__:  -0.015  +0.015  -0.189  -0.129   +0.013   +0.023  -0.090  +0.084  -0.949  +0.774     -0.070     -0.083     -0.083         -0.003  +0.146  +0.736  +0.445  +1.000
                         : ---------------------------------------------------------------------------------------------------------------------------------------------------------------------------------
DataSetInfo              : Correlation matrix (Background):
                         : ---------------------------------------------------------------------------------------------------------------------------------------------------------------------------------
                         :                     Nel     Nmu    Nisr     Nph jet1btag jet2btag     Mjj   Mcorr    Mrec    Etot log10_y23_ log10_y34_ log10_y45_ costhetajetcms   jetpt   Z.M__  Z.Pt__   Z.E__
                         :            Nel:  +1.000  -1.000  +0.031  +0.039   -0.044   -0.056  -0.218  -0.193  -0.159  +0.017     -0.041     -0.008     +0.017         +0.016  -0.154  +0.229  -0.166  +0.201
                         :            Nmu:  -1.000  +1.000  -0.031  -0.039   +0.044   +0.056  +0.218  +0.193  +0.159  -0.017     +0.041     +0.008     -0.017         -0.016  +0.154  -0.229  +0.166  -0.201
                         :           Nisr:  +0.031  -0.031  +1.000  +0.021   -0.007   -0.012  -0.070  -0.052  +0.105  -0.114     +0.008     +0.036     +0.048         +0.011  -0.056  -0.042  -0.110  -0.084
                         :            Nph:  +0.039  -0.039  +0.021  +1.000   -0.005   -0.022  -0.076  -0.051  +0.023  -0.024     +0.040     +0.044     +0.063         +0.009  -0.091  +0.002  -0.134  -0.013
                         :       jet1btag:  -0.044  +0.044  -0.007  -0.005   +1.000   +0.473  +0.174  +0.136  +0.057  +0.033     +0.119     +0.091     +0.024         -0.017  +0.135  -0.064  +0.084  -0.053
                         :       jet2btag:  -0.056  +0.056  -0.012  -0.022   +0.473   +1.000  +0.193  +0.153  +0.057  +0.041     +0.129     +0.106     +0.046         -0.018  +0.119  -0.066  +0.103  -0.052
                         :            Mjj:  -0.218  +0.218  -0.070  -0.076   +0.174   +0.193  +1.000  +0.800  +0.460  +0.087     +0.288     +0.113     -0.090         -0.001  +0.421  -0.422  +0.310  -0.427
                         :          Mcorr:  -0.193  +0.193  -0.052  -0.051   +0.136   +0.153  +0.800  +1.000  +0.378  +0.361     +0.215     +0.068     -0.075         +0.001  +0.520  -0.369  +0.336  -0.347
                         :           Mrec:  -0.159  +0.159  +0.105  +0.023   +0.057   +0.057  +0.460  +0.378  +1.000  -0.639     -0.013     -0.060     -0.081         -0.003  +0.118  -0.664  -0.075  -0.906
                         :           Etot:  +0.017  -0.017  -0.114  -0.024   +0.033   +0.041  +0.087  +0.361  -0.639  +1.000     +0.123     +0.088     +0.021         +0.013  +0.279  +0.344  +0.327  +0.586
                         :     log10_y23_:  -0.041  +0.041  +0.008  +0.040   +0.119   +0.129  +0.288  +0.215  -0.013  +0.123     +1.000     +0.637     +0.327         -0.008  +0.063  +0.075  +0.046  +0.083
                         :     log10_y34_:  -0.008  +0.008  +0.036  +0.044   +0.091   +0.106  +0.113  +0.068  -0.060  +0.088     +0.637     +1.000     +0.534         -0.007  +0.002  +0.113  -0.012  +0.117
                         :     log10_y45_:  +0.017  -0.017  +0.048  +0.063   +0.024   +0.046  -0.090  -0.075  -0.081  +0.021     +0.327     +0.534     +1.000         +0.000  -0.068  +0.132  -0.076  +0.123
                         : costhetajetcms:  +0.016  -0.016  +0.011  +0.009   -0.017   -0.018  -0.001  +0.001  -0.003  +0.013     -0.008     -0.007     +0.000         +1.000  -0.000  -0.003  +0.002  -0.000
                         :          jetpt:  -0.154  +0.154  -0.056  -0.091   +0.135   +0.119  +0.421  +0.520  +0.118  +0.279     +0.063     +0.002     -0.068         -0.000  +1.000  -0.241  +0.505  -0.160
                         :          Z.M__:  +0.229  -0.229  -0.042  +0.002   -0.064   -0.066  -0.422  -0.369  -0.664  +0.344     +0.075     +0.113     +0.132         -0.003  -0.241  +1.000  -0.250  +0.888
                         :         Z.Pt__:  -0.166  +0.166  -0.110  -0.134   +0.084   +0.103  +0.310  +0.336  -0.075  +0.327     +0.046     -0.012     -0.076         +0.002  +0.505  -0.250  +1.000  -0.062
                         :          Z.E__:  +0.201  -0.201  -0.084  -0.013   -0.053   -0.052  -0.427  -0.347  -0.906  +0.586     +0.083     +0.117     +0.123         -0.000  -0.160  +0.888  -0.062  +1.000
                         : ---------------------------------------------------------------------------------------------------------------------------------------------------------------------------------
DataSetFactory           : [dataset] :  
                         : 
                         :  Randomised trees use no pruning
Factory                  : [1mTrain all methods[0m
Factory                  : [dataset] : Create Transformation "I" with events from all classes.
                         : 
                         : Transformation, Variable selection : 
                         : Input : variable 'Nel' <---> Output : variable 'Nel'
                         : Input : variable 'Nmu' <---> Output : variable 'Nmu'
                         : Input : variable 'Nisr' <---> Output : variable 'Nisr'
                         : Input : variable 'Nph' <---> Output : variable 'Nph'
                         : Input : variable 'jet1btag' <---> Output : variable 'jet1btag'
                         : Input : variable 'jet2btag' <---> Output : variable 'jet2btag'
                         : Input : variable 'Mjj' <---> Output : variable 'Mjj'
                         : Input : variable 'Mcorr' <---> Output : variable 'Mcorr'
                         : Input : variable 'Mrec' <---> Output : variable 'Mrec'
                         : Input : variable 'Etot' <---> Output : variable 'Etot'
                         : Input : variable 'log10(y23)' <---> Output : variable 'log10(y23)'
                         : Input : variable 'log10(y34)' <---> Output : variable 'log10(y34)'
                         : Input : variable 'log10(y45)' <---> Output : variable 'log10(y45)'
                         : Input : variable 'costhetajetcms' <---> Output : variable 'costhetajetcms'
                         : Input : variable 'jetpt' <---> Output : variable 'jetpt'
                         : Input : variable 'Z.M()' <---> Output : variable 'Z.M()'
                         : Input : variable 'Z.Pt()' <---> Output : variable 'Z.Pt()'
                         : Input : variable 'Z.E()' <---> Output : variable 'Z.E()'
TFHandler_Factory        :       Variable              Mean              RMS      [        Min              Max ]
                         : -----------------------------------------------------------------------------------------
                         :            Nel:          1.0103         0.99995   [          0.0000          2.0000 ]
                         :            Nmu:         0.98975         0.99995   [          0.0000          2.0000 ]
                         :           Nisr:        0.041860         0.20343   [          0.0000          3.0000 ]
                         :            Nph:         0.16347         0.42763   [          0.0000          5.0000 ]
                         :       jet1btag:         0.63716         0.48082   [          0.0000          1.0000 ]
                         :       jet2btag:         0.54699         0.49779   [          0.0000          1.0000 ]
                         :            Mjj:          72.297          25.412   [         0.10222          224.22 ]
                         :          Mcorr:          76.726          27.186   [         0.36521          380.95 ]
                         :           Mrec:          95.676          34.939   [         -36.680          235.51 ]
                         :           Etot:          235.00          35.256   [          19.955          496.07 ]
                         :     log10(y23):         -3.1320         0.81001   [         -9.7598          0.0000 ]
                         :     log10(y34):         -3.6812         0.83165   [         -10.403          0.0000 ]
                         :     log10(y45):         -3.9357         0.98539   [         -10.511          0.0000 ]
                         : costhetajetcms:     -0.00071379         0.61226   [        -0.99993         0.99982 ]
                         :          jetpt:          38.823          23.257   [        0.041608          173.29 ]
                         :          Z.M():          89.222          30.497   [          3.4713          243.77 ]
                         :         Z.Pt():          59.535          24.814   [         0.13065          120.22 ]
                         :          Z.E():          122.04          25.359   [          14.146          243.80 ]
                         : -----------------------------------------------------------------------------------------
                         : Ranking input variables (method unspecific)...
IdTransformation         : Ranking result (top variable is best ranked)
                         : ---------------------------------------
                         : Rank : Variable       : Separation
                         : ---------------------------------------
                         :    1 : Mjj            : 5.499e-01
                         :    2 : Mcorr          : 5.068e-01
                         :    3 : jet1btag       : 4.393e-01
                         :    4 : jet2btag       : 4.301e-01
                         :    5 : Mrec           : 3.930e-01
                         :    6 : Z.E()          : 3.310e-01
                         :    7 : Z.M()          : 2.666e-01
                         :    8 : Z.Pt()         : 2.456e-01
                         :    9 : log10(y45)     : 2.276e-01
                         :   10 : log10(y34)     : 2.100e-01
                         :   11 : log10(y23)     : 1.574e-01
                         :   12 : jetpt          : 6.601e-02
                         :   13 : Etot           : 4.563e-02
                         :   14 : Nel            : 1.924e-02
                         :   15 : Nmu            : 1.924e-02
                         :   16 : costhetajetcms : 2.787e-03
                         :   17 : Nph            : 1.892e-03
                         :   18 : Nisr           : 3.708e-04
                         : ---------------------------------------
Factory                  : Train method: BDT for Classification
                         : 
                         : <InitEventSample> Internally I use 14094 for Training  and 14095 for Pruning Validation (50.0018% of training used for validation)
BDT                      : #events: (reweighted) sig: 7047 bkg: 7047
                         : #events: (unweighted) sig: 8268 bkg: 5826
                         : Training 1000 Decision Trees ... patience please
                         : Elapsed time for training with 28189 events: [1;31m12.2 sec[0m         
BDT                      : [dataset] : Evaluation of BDT on training sample (28189 events)
                         : Elapsed time for evaluation of 28189 events: [1;31m2.29 sec[0m       
                         : Creating xml weight file: [0;36mdataset/weights/train_bdt_qqll_BDT.weights.xml[0m
                         : Creating standalone class: [0;36mdataset/weights/train_bdt_qqll_BDT.class.C[0m
                         : train_bdt_qqll.root:/dataset/Method_BDT/BDT
Factory                  : Training finished
                         : 
                         : Ranking input variables (method specific)...
BDT                      : Ranking result (top variable is best ranked)
                         : ------------------------------------------------
                         : Rank : Variable       : Variable Importance
                         : ------------------------------------------------
                         :    1 : Mjj            : 9.948e-02
                         :    2 : Mcorr          : 8.089e-02
                         :    3 : Mrec           : 7.824e-02
                         :    4 : Z.Pt()         : 7.255e-02
                         :    5 : jetpt          : 6.901e-02
                         :    6 : Z.M()          : 6.809e-02
                         :    7 : costhetajetcms : 6.546e-02
                         :    8 : log10(y34)     : 6.439e-02
                         :    9 : log10(y45)     : 6.360e-02
                         :   10 : log10(y23)     : 6.342e-02
                         :   11 : Z.E()          : 6.253e-02
                         :   12 : Etot           : 5.654e-02
                         :   13 : jet1btag       : 5.529e-02
                         :   14 : jet2btag       : 3.856e-02
                         :   15 : Nph            : 2.134e-02
                         :   16 : Nel            : 1.740e-02
                         :   17 : Nmu            : 1.580e-02
                         :   18 : Nisr           : 7.427e-03
                         : ------------------------------------------------
Factory                  : === Destroy and recreate all methods via weight files for testing ===
                         : 
                         : Reading weight file: [0;36mdataset/weights/train_bdt_qqll_BDT.weights.xml[0m
Factory                  : [1mTest all methods[0m
Factory                  : Test method: BDT for Classification performance
                         : 
BDT                      : [dataset] : Evaluation of BDT on testing sample (28189 events)
                         : Elapsed time for evaluation of 28189 events: [1;31m1.62 sec[0m       
Factory                  : [1mEvaluate all methods[0m
Factory                  : Evaluate classifier: BDT
                         : 
BDT                      : [dataset] : Loop over test events and fill histograms with classifier response...
                         : 
TFHandler_BDT            :       Variable              Mean              RMS      [        Min              Max ]
                         : -----------------------------------------------------------------------------------------
                         :            Nel:          1.0096         0.99995   [          0.0000          2.0000 ]
                         :            Nmu:         0.99039         0.99995   [          0.0000          2.0000 ]
                         :           Nisr:        0.045550         0.21272   [          0.0000          2.0000 ]
                         :            Nph:         0.15967         0.42092   [          0.0000          6.0000 ]
                         :       jet1btag:         0.63681         0.48092   [          0.0000          1.0000 ]
                         :       jet2btag:         0.55050         0.49744   [          0.0000          1.0000 ]
                         :            Mjj:          72.073          25.585   [         0.12593          219.56 ]
                         :          Mcorr:          76.862          27.932   [         0.21856          786.81 ]
                         :           Mrec:          95.550          34.520   [         -24.459          237.71 ]
                         :           Etot:          235.31          34.747   [          24.170          495.88 ]
                         :     log10(y23):         -3.1367         0.80808   [         -8.2030          0.0000 ]
                         :     log10(y34):         -3.6860         0.83070   [         -10.140          0.0000 ]
                         :     log10(y45):         -3.9318         0.99081   [         -11.139          0.0000 ]
                         : costhetajetcms:      0.00069791         0.61212   [         -1.0000         0.99984 ]
                         :          jetpt:          38.817          23.325   [      0.00086314          161.13 ]
                         :          Z.M():          89.173          30.323   [          4.1812          243.91 ]
                         :         Z.Pt():          59.684          24.815   [         0.29412          118.68 ]
                         :          Z.E():          122.10          25.054   [          12.275          243.95 ]
                         : -----------------------------------------------------------------------------------------
                         : 
                         : Evaluation results ranked by best signal efficiency and purity (area)
                         : -------------------------------------------------------------------------------------------------------------------
                         : DataSet       MVA                       
                         : Name:         Method:          ROC-integ
                         : dataset       BDT            : 0.989
                         : -------------------------------------------------------------------------------------------------------------------
                         : 
                         : Testing efficiency compared to training efficiency (overtraining check)
                         : -------------------------------------------------------------------------------------------------------------------
                         : DataSet              MVA              Signal efficiency: from test sample (from training sample) 
                         : Name:                Method:          @B=0.01             @B=0.10            @B=0.30   
                         : -------------------------------------------------------------------------------------------------------------------
                         : dataset              BDT            : 0.746 (0.868)       0.984 (0.986)      1.000 (1.000)
                         : -------------------------------------------------------------------------------------------------------------------
                         : 
Dataset:dataset          : Created tree 'TestTree' with 28189 events
                         : 
Dataset:dataset          : Created tree 'TrainTree' with 28189 events
                         : 
Factory                  : [1mThank you for using TMVA![0m
                         : [1mFor citation information, please visit: http://tmva.sf.net/citeTMVA.html[0m
==> Wrote root file: train_bdt_qqll.root
==> TMVAClassification is done!
--- Opening root file train_bdt_qqll.root in read mode
+++ Could not open image:  /tutorials/tmva/tmva_logo.gif
+++ Could not open image tmva_logo.gif
+++ Could not open image:  /tutorials/tmva/tmva_logo.gif
+++ Could not open image tmva_logo.gif
+++ Could not open image:  /tutorials/tmva/tmva_logo.gif
+++ Could not open image tmva_logo.gif
--- Found directory for method: BDT::BDT containing MVA_BDT_S/_B
--- Mean and RMS (S): 0.134477, 0.0710006
--- Mean and RMS (B): -0.198981, 0.119893
--- Found comparison histograms for overtraining check
--- Perform Kolmogorov-Smirnov tests
--- Goodness of signal (background) consistency: 0.067 (0.079)
+++ Could not open image:  /tutorials/tmva/tmva_logo.gif
+++ Could not open image tmva_logo.gif
Number of expected signal events for significance calculation: 100
Number of expected background events for significance calculation: 1000
--- Found directory: Method_BDT
--- Classifier: BDT
--- ==================================================================================================
--- Classifier   (  #signal, #backgr.)  Optimal-cut  S/sqrt(S+B)      NSig      NBkg   EffSig   EffBkg
--- --------------------------------------------------------------------------------------------------
---        BDT:  (      100,     1000)       0.0565      8.38227  85.92324  19.15149   0.8592  0.01915
--- --------------------------------------------------------------------------------------------------

--- Launch TMVA GUI to view input file: train_bdt_qqll.root
=== Note: inactive buttons indicate classifiers that were not trained, ===
===       or functionalities that were not invoked during the training ===
