   ------------------------------------------------------------------
  | Welcome to ROOT 6.30/06                        https://root.cern |
  | (c) 1995-2024, The ROOT Team; conception: R. Brun, F. Rademakers |
  | Built for linuxx8664gcc on May 05 2024, 18:03:15                 |
  | From heads/master@tags/v6-30-06                                  |
  | With c++ (GCC) 13.2.1 20240417                                   |
  | Try '.help'/'.?', '.demo', '.license', '.credits', '.quit'/'.q'  |
   ------------------------------------------------------------------


Processing train_bdt_qqll.C...

==> Start TMVAClassification
Adding variable: Nel
Adding variable: Nmu
Adding variable: Nisr
Adding variable: Nph
Adding variable: jet1btag
Adding variable: jet2btag
Adding variable: Mjj
Adding variable: Mcorr
Adding variable: Mrec
Adding variable: Etot
Adding variable: log10(y23)
Adding variable: log10(y34)
Adding variable: log10(y45)
Adding variable: costhetajetcms
Adding variable: jetpt
Adding variable: Z.M()
Adding variable: Z.Pt()
Adding variable: Z.E()
Adding spectator variable: Iproc
Adding spectator variable: Ipol
Adding spectator variable: Lgen
DataSetInfo              : [dataset] : Added class "Signal"
                         : Add Tree tree of type Signal with 33090 events
DataSetInfo              : [dataset] : Added class "Background"
                         : Add Tree tree of type Background with 15147 events
                         : Add Tree tree of type Background with 1 events
                         : Add Tree tree of type Background with 777 events
                         : Add Tree tree of type Background with 5884 events
                         : Add Tree tree of type Background with 1480 events
Factory                  : Booking method: [1mBDT[0m
                         : 
                         : Rebuilding Dataset dataset
                         : Building event vectors for type 2 Signal
                         : Dataset[dataset] :  create input formulas for tree tree
                         : Building event vectors for type 2 Background
                         : Dataset[dataset] :  create input formulas for tree tree
                         : Building event vectors for type 2 Background
                         : Dataset[dataset] :  create input formulas for tree tree
                         : Building event vectors for type 2 Background
                         : Dataset[dataset] :  create input formulas for tree tree
                         : Building event vectors for type 2 Background
                         : Dataset[dataset] :  create input formulas for tree tree
                         : Building event vectors for type 2 Background
                         : Dataset[dataset] :  create input formulas for tree tree
DataSetFactory           : [dataset] : Number of events in input trees
                         : 
                         : 
                         : Number of training and testing events
                         : ---------------------------------------------------------------------------
                         : Signal     -- training events            : 16545
                         : Signal     -- testing events             : 16545
                         : Signal     -- training and testing events: 33090
                         : Background -- training events            : 11644
                         : Background -- testing events             : 11644
                         : Background -- training and testing events: 23288
                         : 
DataSetInfo              : Correlation matrix (Signal):
                         : ---------------------------------------------------------------------------------------------------------------------------------------------------------------------------------
                         :                     Nel     Nmu    Nisr     Nph jet1btag jet2btag     Mjj   Mcorr    Mrec    Etot log10_y23_ log10_y34_ log10_y45_ costhetajetcms   jetpt   Z.M__  Z.Pt__   Z.E__
                         :            Nel:  +1.000  -1.000  +0.005  +0.005   -0.006   +0.008  +0.003  +0.003  +0.009  -0.006     -0.011     -0.009     +0.000         -0.003  -0.007  -0.022  +0.010  -0.015
                         :            Nmu:  -1.000  +1.000  -0.005  -0.005   +0.006   -0.008  -0.003  -0.003  -0.009  +0.006     +0.011     +0.009     -0.000         +0.003  +0.007  +0.022  -0.010  +0.015
                         :           Nisr:  +0.005  -0.005  +1.000  -0.021   -0.001   -0.003  -0.021  -0.008  +0.248  -0.194     +0.024     +0.045     +0.056         -0.003  -0.045  -0.017  -0.167  -0.189
                         :            Nph:  +0.005  -0.005  -0.021  +1.000   -0.021   -0.092  -0.088  +0.029  +0.152  -0.075     +0.030     +0.036     +0.033         -0.004  -0.038  -0.062  -0.138  -0.129
                         :       jet1btag:  -0.006  +0.006  -0.001  -0.021   +1.000   -0.009  +0.015  +0.001  -0.016  +0.010     -0.051     -0.033     -0.029         +0.007  +0.162  +0.006  +0.035  +0.013
                         :       jet2btag:  +0.008  -0.008  -0.003  -0.092   -0.009   +1.000  +0.041  -0.008  -0.032  +0.012     -0.188     -0.138     -0.115         +0.021  -0.172  -0.002  +0.070  +0.023
                         :            Mjj:  +0.003  -0.003  -0.021  -0.088   +0.015   +0.041  +1.000  +0.294  +0.099  +0.037     +0.114     +0.095     +0.081         +0.006  +0.006  -0.067  -0.007  -0.090
                         :          Mcorr:  +0.003  -0.003  -0.008  +0.029   +0.001   -0.008  +0.294  +1.000  -0.036  +0.557     +0.100     +0.098     +0.088         -0.002  +0.147  +0.098  +0.037  +0.084
                         :           Mrec:  +0.009  -0.009  +0.248  +0.152   -0.016   -0.032  +0.099  -0.036  +1.000  -0.774     +0.101     +0.126     +0.125         +0.000  -0.162  -0.505  -0.527  -0.949
                         :           Etot:  -0.006  +0.006  -0.194  -0.075   +0.010   +0.012  +0.037  +0.557  -0.774  +1.000     -0.044     -0.063     -0.067         +0.003  +0.209  +0.460  +0.437  +0.774
                         :     log10_y23_:  -0.011  +0.011  +0.024  +0.030   -0.051   -0.188  +0.114  +0.100  +0.101  -0.044     +1.000     +0.671     +0.633         -0.010  -0.016  +0.003  -0.059  -0.070
                         :     log10_y34_:  -0.009  +0.009  +0.045  +0.036   -0.033   -0.138  +0.095  +0.098  +0.126  -0.063     +0.671     +1.000     +0.763         -0.004  -0.016  +0.018  -0.071  -0.083
                         :     log10_y45_:  +0.000  -0.000  +0.056  +0.033   -0.029   -0.115  +0.081  +0.088  +0.125  -0.067     +0.633     +0.763     +1.000         -0.002  -0.008  +0.016  -0.067  -0.083
                         : costhetajetcms:  -0.003  +0.003  -0.003  -0.004   +0.007   +0.021  +0.006  -0.002  +0.000  +0.003     -0.010     -0.004     -0.002         +1.000  +0.003  -0.010  +0.007  -0.003
                         :          jetpt:  -0.007  +0.007  -0.045  -0.038   +0.162   -0.172  +0.006  +0.147  -0.162  +0.209     -0.016     -0.016     -0.008         +0.003  +1.000  +0.047  +0.278  +0.146
                         :          Z.M__:  -0.022  +0.022  -0.017  -0.062   +0.006   -0.002  -0.067  +0.098  -0.505  +0.460     +0.003     +0.018     +0.016         -0.010  +0.047  +1.000  +0.089  +0.736
                         :         Z.Pt__:  +0.010  -0.010  -0.167  -0.138   +0.035   +0.070  -0.007  +0.037  -0.527  +0.437     -0.059     -0.071     -0.067         +0.007  +0.278  +0.089  +1.000  +0.445
                         :          Z.E__:  -0.015  +0.015  -0.189  -0.129   +0.013   +0.023  -0.090  +0.084  -0.949  +0.774     -0.070     -0.083     -0.083         -0.003  +0.146  +0.736  +0.445  +1.000
                         : ---------------------------------------------------------------------------------------------------------------------------------------------------------------------------------
DataSetInfo              : Correlation matrix (Background):
                         : ---------------------------------------------------------------------------------------------------------------------------------------------------------------------------------
                         :                     Nel     Nmu    Nisr     Nph jet1btag jet2btag     Mjj   Mcorr    Mrec    Etot log10_y23_ log10_y34_ log10_y45_ costhetajetcms   jetpt   Z.M__  Z.Pt__   Z.E__
                         :            Nel:  +1.000  -1.000  +0.023  +0.041   -0.029   -0.043  -0.199  -0.188  -0.149  -0.009     -0.032     -0.003     +0.018         +0.025  -0.134  +0.198  -0.141  +0.192
                         :            Nmu:  -1.000  +1.000  -0.023  -0.041   +0.029   +0.043  +0.199  +0.188  +0.149  +0.009     +0.032     +0.003     -0.018         -0.025  +0.134  -0.198  +0.141  -0.192
                         :           Nisr:  +0.023  -0.023  +1.000  +0.009   -0.001   -0.007  -0.056  -0.041  +0.174  -0.212     +0.012     +0.027     +0.036         +0.013  -0.052  -0.054  -0.112  -0.134
                         :            Nph:  +0.041  -0.041  +0.009  +1.000   +0.000   -0.027  -0.077  -0.055  +0.053  -0.070     +0.025     +0.033     +0.050         +0.015  -0.088  -0.015  -0.145  -0.041
                         :       jet1btag:  -0.029  +0.029  -0.001  +0.000   +1.000   +0.487  +0.091  +0.085  +0.080  -0.022     +0.069     +0.078     +0.046         -0.022  +0.115  -0.065  +0.049  -0.076
                         :       jet2btag:  -0.043  +0.043  -0.007  -0.027   +0.487   +1.000  +0.106  +0.105  +0.080  -0.002     +0.062     +0.083     +0.054         -0.016  +0.091  -0.059  +0.073  -0.070
                         :            Mjj:  -0.199  +0.199  -0.056  -0.077   +0.091   +0.106  +1.000  +0.854  +0.649  +0.045     +0.250     +0.118     -0.051         +0.002  +0.369  -0.467  +0.255  -0.587
                         :          Mcorr:  -0.188  +0.188  -0.041  -0.055   +0.085   +0.105  +0.854  +1.000  +0.611  +0.295     +0.195     +0.077     -0.041         +0.001  +0.431  -0.446  +0.257  -0.551
                         :           Mrec:  -0.149  +0.149  +0.174  +0.053   +0.080   +0.080  +0.649  +0.611  +1.000  -0.463     +0.130     +0.049     -0.027         -0.005  +0.212  -0.572  +0.020  -0.868
                         :           Etot:  -0.009  +0.009  -0.212  -0.070   -0.022   -0.002  +0.045  +0.295  -0.463  +1.000     -0.007     -0.018     -0.028         +0.013  +0.194  +0.185  +0.234  +0.392
                         :     log10_y23_:  -0.032  +0.032  +0.012  +0.025   +0.069   +0.062  +0.250  +0.195  +0.130  -0.007     +1.000     +0.656     +0.391         -0.003  +0.016  +0.029  -0.003  -0.028
                         :     log10_y34_:  -0.003  +0.003  +0.027  +0.033   +0.078   +0.083  +0.118  +0.077  +0.049  -0.018     +0.656     +1.000     +0.586         -0.003  -0.014  +0.080  -0.038  +0.043
                         :     log10_y45_:  +0.018  -0.018  +0.036  +0.050   +0.046   +0.054  -0.051  -0.041  -0.027  -0.028     +0.391     +0.586     +1.000         +0.002  -0.055  +0.125  -0.072  +0.099
                         : costhetajetcms:  +0.025  -0.025  +0.013  +0.015   -0.022   -0.016  +0.002  +0.001  -0.005  +0.013     -0.003     -0.003     +0.002         +1.000  -0.007  -0.004  -0.001  -0.001
                         :          jetpt:  -0.134  +0.134  -0.052  -0.088   +0.115   +0.091  +0.369  +0.431  +0.212  +0.194     +0.016     -0.014     -0.055         -0.007  +1.000  -0.259  +0.431  -0.250
                         :          Z.M__:  +0.198  -0.198  -0.054  -0.015   -0.065   -0.059  -0.467  -0.446  -0.572  +0.185     +0.029     +0.080     +0.125         -0.004  -0.259  +1.000  -0.301  +0.869
                         :         Z.Pt__:  -0.141  +0.141  -0.112  -0.145   +0.049   +0.073  +0.255  +0.257  +0.020  +0.234     -0.003     -0.038     -0.072         -0.001  +0.431  -0.301  +1.000  -0.173
                         :          Z.E__:  +0.192  -0.192  -0.134  -0.041   -0.076   -0.070  -0.587  -0.551  -0.868  +0.392     -0.028     +0.043     +0.099         -0.001  -0.250  +0.869  -0.173  +1.000
                         : ---------------------------------------------------------------------------------------------------------------------------------------------------------------------------------
DataSetFactory           : [dataset] :  
                         : 
                         :  Randomised trees use no pruning
Factory                  : [1mTrain all methods[0m
Factory                  : [dataset] : Create Transformation "I" with events from all classes.
                         : 
                         : Transformation, Variable selection : 
                         : Input : variable 'Nel' <---> Output : variable 'Nel'
                         : Input : variable 'Nmu' <---> Output : variable 'Nmu'
                         : Input : variable 'Nisr' <---> Output : variable 'Nisr'
                         : Input : variable 'Nph' <---> Output : variable 'Nph'
                         : Input : variable 'jet1btag' <---> Output : variable 'jet1btag'
                         : Input : variable 'jet2btag' <---> Output : variable 'jet2btag'
                         : Input : variable 'Mjj' <---> Output : variable 'Mjj'
                         : Input : variable 'Mcorr' <---> Output : variable 'Mcorr'
                         : Input : variable 'Mrec' <---> Output : variable 'Mrec'
                         : Input : variable 'Etot' <---> Output : variable 'Etot'
                         : Input : variable 'log10(y23)' <---> Output : variable 'log10(y23)'
                         : Input : variable 'log10(y34)' <---> Output : variable 'log10(y34)'
                         : Input : variable 'log10(y45)' <---> Output : variable 'log10(y45)'
                         : Input : variable 'costhetajetcms' <---> Output : variable 'costhetajetcms'
                         : Input : variable 'jetpt' <---> Output : variable 'jetpt'
                         : Input : variable 'Z.M()' <---> Output : variable 'Z.M()'
                         : Input : variable 'Z.Pt()' <---> Output : variable 'Z.Pt()'
                         : Input : variable 'Z.E()' <---> Output : variable 'Z.E()'
TFHandler_Factory        :       Variable              Mean              RMS      [        Min              Max ]
                         : -----------------------------------------------------------------------------------------
                         :            Nel:         0.98484         0.99989   [          0.0000          2.0000 ]
                         :            Nmu:          1.0152         0.99989   [          0.0000          2.0000 ]
                         :           Nisr:        0.040256         0.19855   [          0.0000          3.0000 ]
                         :            Nph:         0.16347         0.42802   [          0.0000          5.0000 ]
                         :       jet1btag:         0.65677         0.47479   [          0.0000          1.0000 ]
                         :       jet2btag:         0.56489         0.49577   [          0.0000          1.0000 ]
                         :            Mjj:          77.085          21.183   [         0.10222          224.22 ]
                         :          Mcorr:          80.655          22.799   [         0.36521          380.95 ]
                         :           Mrec:          94.573          27.652   [         -36.680          235.51 ]
                         :           Etot:          239.21          25.335   [          19.955          496.07 ]
                         :     log10(y23):         -3.0338         0.66429   [         -9.7598          0.0000 ]
                         :     log10(y34):         -3.6054         0.57989   [         -10.403          0.0000 ]
                         :     log10(y45):         -3.9162         0.62758   [         -10.511          0.0000 ]
                         : costhetajetcms:      -0.0012741         0.60965   [        -0.99993         0.99982 ]
                         :          jetpt:          40.294          22.763   [        0.041608          173.29 ]
                         :          Z.M():          88.794          26.666   [          3.4713          243.77 ]
                         :         Z.Pt():          61.320          23.504   [         0.13065          120.22 ]
                         :          Z.E():          122.77          19.705   [          14.146          243.80 ]
                         : -----------------------------------------------------------------------------------------
                         : Ranking input variables (method unspecific)...
IdTransformation         : Ranking result (top variable is best ranked)
                         : ---------------------------------------
                         : Rank : Variable       : Separation
                         : ---------------------------------------
                         :    1 : Mjj            : 5.342e-01
                         :    2 : Mcorr          : 4.949e-01
                         :    3 : jet1btag       : 3.848e-01
                         :    4 : jet2btag       : 3.752e-01
                         :    5 : Mrec           : 3.506e-01
                         :    6 : Z.E()          : 2.776e-01
                         :    7 : Z.M()          : 1.995e-01
                         :    8 : Z.Pt()         : 1.919e-01
                         :    9 : log10(y45)     : 1.082e-01
                         :   10 : log10(y34)     : 1.000e-01
                         :   11 : log10(y23)     : 6.513e-02
                         :   12 : jetpt          : 2.985e-02
                         :   13 : Nel            : 1.163e-02
                         :   14 : Nmu            : 1.163e-02
                         :   15 : Etot           : 8.137e-03
                         :   16 : costhetajetcms : 2.240e-03
                         :   17 : Nph            : 1.862e-03
                         :   18 : Nisr           : 1.441e-04
                         : ---------------------------------------
Factory                  : Train method: BDT for Classification
                         : 
                         : <InitEventSample> Internally I use 14094 for Training  and 14095 for Pruning Validation (50.0018% of training used for validation)
BDT                      : #events: (reweighted) sig: 7047 bkg: 7047
                         : #events: (unweighted) sig: 8268 bkg: 5826
                         : Training 1000 Decision Trees ... patience please
                         : Elapsed time for training with 28189 events: [1;31m11.8 sec[0m         
BDT                      : [dataset] : Evaluation of BDT on training sample (28189 events)
                         : Elapsed time for evaluation of 28189 events: [1;31m2.35 sec[0m       
                         : Creating xml weight file: [0;36mdataset/weights/train_bdt_qqll_BDT.weights.xml[0m
                         : Creating standalone class: [0;36mdataset/weights/train_bdt_qqll_BDT.class.C[0m
                         : train_bdt_qqll.root:/dataset/Method_BDT/BDT
Factory                  : Training finished
                         : 
                         : Ranking input variables (method specific)...
BDT                      : Ranking result (top variable is best ranked)
                         : ------------------------------------------------
                         : Rank : Variable       : Variable Importance
                         : ------------------------------------------------
                         :    1 : Mrec           : 8.739e-02
                         :    2 : Mjj            : 8.544e-02
                         :    3 : Mcorr          : 8.416e-02
                         :    4 : Z.Pt()         : 7.418e-02
                         :    5 : Z.M()          : 7.179e-02
                         :    6 : costhetajetcms : 6.857e-02
                         :    7 : log10(y23)     : 6.853e-02
                         :    8 : jetpt          : 6.725e-02
                         :    9 : log10(y45)     : 6.071e-02
                         :   10 : Z.E()          : 6.017e-02
                         :   11 : jet2btag       : 5.808e-02
                         :   12 : log10(y34)     : 5.760e-02
                         :   13 : Etot           : 5.481e-02
                         :   14 : jet1btag       : 4.572e-02
                         :   15 : Nph            : 2.055e-02
                         :   16 : Nmu            : 1.405e-02
                         :   17 : Nel            : 1.278e-02
                         :   18 : Nisr           : 8.229e-03
                         : ------------------------------------------------
Factory                  : === Destroy and recreate all methods via weight files for testing ===
                         : 
                         : Reading weight file: [0;36mdataset/weights/train_bdt_qqll_BDT.weights.xml[0m
Factory                  : [1mTest all methods[0m
Factory                  : Test method: BDT for Classification performance
                         : 
BDT                      : [dataset] : Evaluation of BDT on testing sample (28189 events)
                         : Elapsed time for evaluation of 28189 events: [1;31m1.73 sec[0m       
Factory                  : [1mEvaluate all methods[0m
Factory                  : Evaluate classifier: BDT
                         : 
BDT                      : [dataset] : Loop over test events and fill histograms with classifier response...
                         : 
TFHandler_BDT            :       Variable              Mean              RMS      [        Min              Max ]
                         : -----------------------------------------------------------------------------------------
                         :            Nel:          1.0375         0.99930   [          0.0000          2.0000 ]
                         :            Nmu:         0.96246         0.99930   [          0.0000          2.0000 ]
                         :           Nisr:        0.044561         0.21108   [          0.0000          2.0000 ]
                         :            Nph:         0.17166         0.44366   [          0.0000          6.0000 ]
                         :       jet1btag:         0.48633         0.49981   [          0.0000          1.0000 ]
                         :       jet2btag:         0.39868         0.48963   [          0.0000          1.0000 ]
                         :            Mjj:          77.027          26.449   [         0.12593          219.56 ]
                         :          Mcorr:          80.547          27.956   [         0.21856          786.81 ]
                         :           Mrec:          95.066          31.548   [         -24.459          237.71 ]
                         :           Etot:          238.94          26.511   [          24.170          495.88 ]
                         :     log10(y23):         -3.0812         0.73034   [         -8.2030          0.0000 ]
                         :     log10(y34):         -3.6659         0.68725   [         -10.140          0.0000 ]
                         :     log10(y45):         -3.9607         0.77811   [         -11.139          0.0000 ]
                         : costhetajetcms:       0.0023849         0.61441   [         -1.0000         0.99984 ]
                         :          jetpt:          38.435          22.675   [      0.00086314          161.13 ]
                         :          Z.M():          87.629          33.598   [          4.1812          243.91 ]
                         :         Z.Pt():          56.043          24.639   [         0.29412          118.68 ]
                         :          Z.E():          122.55          23.520   [          12.275          243.95 ]
                         : -----------------------------------------------------------------------------------------
                         : 
                         : Evaluation results ranked by best signal efficiency and purity (area)
                         : -------------------------------------------------------------------------------------------------------------------
                         : DataSet       MVA                       
                         : Name:         Method:          ROC-integ
                         : dataset       BDT            : 0.985
                         : -------------------------------------------------------------------------------------------------------------------
                         : 
                         : Testing efficiency compared to training efficiency (overtraining check)
                         : -------------------------------------------------------------------------------------------------------------------
                         : DataSet              MVA              Signal efficiency: from test sample (from training sample) 
                         : Name:                Method:          @B=0.01             @B=0.10            @B=0.30   
                         : -------------------------------------------------------------------------------------------------------------------
                         : dataset              BDT            : 0.677 (0.842)       0.972 (0.977)      1.000 (1.000)
                         : -------------------------------------------------------------------------------------------------------------------
                         : 
Dataset:dataset          : Created tree 'TestTree' with 28189 events
                         : 
Dataset:dataset          : Created tree 'TrainTree' with 28189 events
                         : 
Factory                  : [1mThank you for using TMVA![0m
                         : [1mFor citation information, please visit: http://tmva.sf.net/citeTMVA.html[0m
==> Wrote root file: train_bdt_qqll.root
==> TMVAClassification is done!
--- Opening root file train_bdt_qqll.root in read mode
+++ Could not open image:  /tutorials/tmva/tmva_logo.gif
+++ Could not open image tmva_logo.gif
+++ Could not open image:  /tutorials/tmva/tmva_logo.gif
+++ Could not open image tmva_logo.gif
+++ Could not open image:  /tutorials/tmva/tmva_logo.gif
+++ Could not open image tmva_logo.gif
--- Found directory for method: BDT::BDT containing MVA_BDT_S/_B
--- Mean and RMS (S): 0.133334, 0.0728121
--- Mean and RMS (B): -0.180653, 0.120171
--- Found comparison histograms for overtraining check
--- Perform Kolmogorov-Smirnov tests
--- Goodness of signal (background) consistency: 0.158 (0.013)
+++ Could not open image:  /tutorials/tmva/tmva_logo.gif
+++ Could not open image tmva_logo.gif
Number of expected signal events for significance calculation: 100
Number of expected background events for significance calculation: 1000
--- Found directory: Method_BDT
--- Classifier: BDT
--- ==================================================================================================
--- Classifier   (  #signal, #backgr.)  Optimal-cut  S/sqrt(S+B)      NSig      NBkg   EffSig   EffBkg
--- --------------------------------------------------------------------------------------------------
---        BDT:  (      100,     1000)       0.0610      8.06778  84.03143  24.45493   0.8403  0.02445
--- --------------------------------------------------------------------------------------------------

--- Launch TMVA GUI to view input file: train_bdt_qqll.root
=== Note: inactive buttons indicate classifiers that were not trained, ===
===       or functionalities that were not invoked during the training ===
